1 1 3
0.469180 0.243677 0.287144
0.147944 1.309315 -1.352848
0.481648
0.013941
0.073565
3.470430 -0.077468 0.307444 3.181768 -0.020402 -1.360343 0.499133 -0.077468 1.592135 -0.798554 -0.616082 -0.397146 0.657338 -1.773029 0.307444 -0.798554 0.870225 1.101293 0.490078 0.080939 0.022387 3.181768 -0.616082 1.101293 3.993086 0.519704 -0.726476 -0.124053 -0.020402 -0.397146 0.490078 0.519704 0.300517 0.208888 -0.168391 -1.360343 0.657338 0.080939 -0.726476 0.208888 1.421490 -1.961999 0.499133 -1.773029 0.022387 -0.124053 -0.168391 -1.961999 3.858795
19.796319 -5.938152 6.911201 21.312613 8.671057 -9.516711 6.261010 -5.938152 4.488613 -4.357429 -9.639255 -5.081608 0.880255 1.119558 6.911201 -4.357429 10.488371 14.183979 11.267902 5.182942 -10.357424 21.312613 -9.639255 14.183979 32.370561 15.818327 -5.729519 -2.502734 8.671057 -5.081608 11.267902 15.818327 12.423752 3.303711 -8.391742 -9.516711 0.880255 5.182942 -5.729519 3.303711 35.592638 -39.841262 6.261010 1.119558 -10.357424 -2.502734 -8.391742 -39.841262 47.705478
3.741036 1.834281 0.490717 4.056684 -0.264972 -2.609943 -4.501159 1.834281 1.463802 0.325554 2.448027 -0.213439 -1.487256 -3.099012 0.490717 0.325554 0.103025 0.585134 -0.035288 -0.423020 -0.737557 4.056684 2.448027 0.585134 4.919163 -0.293156 -2.551169 -6.196963 -0.264972 -0.213439 -0.035288 -0.293156 0.092926 0.439142 0.181620 -2.609943 -1.487256 -0.423020 -2.551169 0.439142 3.319379 1.738264 -4.501159 -3.099012 -0.737557 -6.196963 0.181620 1.738264 9.527629
0.713448 0.000729 0.029997 0.581532 0.028066 -0.388749 0.000001
0.3400 0.0000 0.4000 0.0000 0.4000 0.0000 0.2790
0.0000 0.0000 0.0000 0.0000 0.0000 0.0000 0.0500
1.5708 -1.5708 -1.5708 1.5708 1.5708 -1.5708 0.0000
-2.9671 -3.1416 -3.4907 -3.8397 -4.8869 -3.1416 -4.1888
2.9671 3.1416 3.4907 3.8397 4.8869 3.1416 4.1888
