0.001749	0.000180	-0.002939	0.000201
0.000180	0.000330	-0.000108	-0.000090
-0.002939	-0.000108	0.006050	-0.000274
0.000201	-0.000090	-0.000274	0.000084
0.064816	-0.014927	-0.018196	0.009717
-0.014927	0.083364	0.015381	-0.019658
-0.018196	0.015381	0.043527	-0.012622
0.009717	-0.019658	-0.012622	0.011607
0.116665	-0.125754	-0.030859	0.014156
-0.125754	0.174583	0.020802	-0.019237
-0.030859	0.020802	0.021467	-0.000478
0.014156	-0.019237	-0.000478	0.003363
0.057422	-0.021306	0.035023	-0.018617
-0.021306	0.017443	0.000285	0.010792
0.035023	0.000285	0.078614	0.006519
-0.018617	0.010792	0.006519	0.014283
0.004644	0.009365	-0.009798	-0.002625
0.009365	0.020837	-0.020302	-0.009671
-0.009798	-0.020302	0.020937	0.006450
-0.002625	-0.009671	0.006450	0.012238
