0.276720912990763	9.92366005976700e-13	-6.74700005156821e-13	2.19122409623007e-13	-5.48058916354432e-13	-9.15424821519476e-13	-0.818203551337878	0.0904986323688642	-0.122326663554881	0.152384869199242	-0.137424843016807	-0.0319214695404899
9.92366005976700e-13	0.0464034577629070	-2.51183456029407e-13	1.58263485290606e-13	-1.73851470739989e-13	-2.09756099573035e-13	-0.179979670102059	-0.189443402967136	0.0207468745578442	0.00304928451866164	-0.00829412572559451	-0.0353031905608428
-6.74700005156821e-13	-2.51183456029407e-13	0.0323174706677917	-2.50109701884766e-13	4.73144967235903e-14	2.85080773794480e-13	-0.0679439108324961	0.0587137898521988	-0.0598373773857623	0.0698571101637839	-0.0519888072240133	0.0861663410528671
2.19122409623007e-13	1.58263485290606e-13	-2.50109701884766e-13	0.00920847760874994	-3.86770946408645e-15	-3.81610153944715e-14	0.00761722267449445	0.0456176784455952	-0.0351893439552704	-0.0178946985892541	-0.00646274903017031	0.0327736738990837
-5.48058916354432e-13	-1.73851470739989e-13	4.73144967235903e-14	-3.86770946408645e-15	0.207813562963917	5.88085347090554e-13	-0.776866083720329	-0.345897779493133	0.00363835776001167	0.0120535575380792	-0.532066063862468	-0.168000920662767
-9.15424821519476e-13	-2.09756099573035e-13	2.85080773794480e-13	-3.81610153944715e-14	5.88085347090554e-13	0.0177078561451736	0.0129151627409216	-0.000794116360387519	-0.0548069818128914	-0.00790432587688313	0.100290832138983	-0.0833874600280651
-0.818203551337878	-0.179979670102059	-0.0679439108324961	0.00761722267449445	-0.776866083720329	0.0129151627409216	0	0	0	0	0	0
0.0904986323688642	-0.189443402967136	0.0587137898521988	0.0456176784455952	-0.345897779493133	-0.000794116360387519	0	0	0	0	0	0
-0.122326663554881	0.0207468745578442	-0.0598373773857623	-0.0351893439552704	0.00363835776001167	-0.0548069818128914	0	0	0	0	0	0
0.152384869199242	0.00304928451866164	0.0698571101637839	-0.0178946985892541	0.0120535575380792	-0.00790432587688313	0	0	0	0	0	0
-0.137424843016807	-0.00829412572559451	-0.0519888072240133	-0.00646274903017031	-0.532066063862468	0.100290832138983	0	0	0	0	0	0
-0.0319214695404899	-0.0353031905608428	0.0861663410528671	0.0327736738990837	-0.168000920662767	-0.0833874600280651	0	0	0	0	0	0
