1.758559 -1.139509 0.671893 0.872404 0.787236 0.498254 -0.166115
-1.139509 1.876345 -0.554628 -0.332667 -1.161560 -1.468458 0.107267
0.671893 -0.554628 0.682954 0.680728 0.526634 0.176187 -0.265169
0.872404 -0.332667 0.680728 0.955186 0.526361 -0.081602 -0.173052
0.787236 -1.161560 0.526634 0.526361 0.905628 0.887903 -0.096997
0.498254 -1.468458 0.176187 -0.081602 0.887903 1.612567 -0.171631
-0.166115 0.107267 -0.265169 -0.173052 -0.096997 -0.171631 0.331634
1.298764 0.350439 0.102412 0.148041 -0.387574 0.628365 -0.965141
0.350439 2.333214 -0.625140 -0.294517 -2.747767 -0.982872 0.402194
0.102412 -0.625140 0.449059 0.226716 0.745409 0.142649 -0.185643
0.148041 -0.294517 0.226716 0.692787 -0.206404 -0.042034 -0.473289
-0.387574 -2.747767 0.745409 -0.206404 3.826872 0.921115 0.193180
0.628365 -0.982872 0.142649 -0.042034 0.921115 5.320952 -4.662830
-0.965141 0.402194 -0.185643 -0.473289 0.193180 -4.662830 4.714186
2.191903 0.500207 0.788257 0.701007 0.392262 -0.669952 -0.360485
0.500207 0.902603 -0.009963 0.473784 -1.145432 -0.249263 -0.653940
0.788257 -0.009963 0.636766 0.346783 0.731245 -0.635437 0.103340
0.701007 0.473784 0.346783 0.451869 -0.193094 -0.391308 -0.403204
0.392262 -1.145432 0.731245 -0.193094 2.936641 -0.523063 0.733729
-0.669952 -0.249263 -0.635437 -0.391308 -0.523063 1.903524 -1.155977
-0.360485 -0.653940 0.103340 -0.403204 0.733729 -1.155977 2.004797
