3 3 3
0.363759 0.164203 0.472038
0.299602 0.179322 -0.146701 1.142225 0.067390 0.032845 -0.628210 -0.161630 0.101624
0.186042 -0.028760 0.124652 -0.028760 0.262076 0.020118 0.124652 0.020118 0.102470
0.004280 0.005459 0.003982 0.005459 0.007473 0.005359 0.003982 0.005359 0.003885
0.220872 -0.149451 -0.012782 -0.149451 0.109875 0.018561 -0.012782 0.018561 0.131003
1.492326 0.483437 0.210185 0.295629 -0.568188 0.270618 -0.706815 0.483437 0.763193 0.083826 0.370740 -1.073208 -0.324472 -0.343943 0.210185 0.083826 0.090678 0.038067 0.057494 0.109658 -0.256266 0.295629 0.370740 0.038067 0.185100 -0.543951 -0.147727 -0.165012 -0.568188 -1.073208 0.057494 -0.543951 1.944744 0.718767 0.030699 0.270618 -0.324472 0.109658 -0.147727 0.718767 0.440569 -0.258447 -0.706815 -0.343943 -0.256266 -0.165012 0.030699 -0.258447 0.746134
7.046176 2.430342 2.656484 6.097385 -1.991037 10.097749 -15.579741 2.430342 19.489700 -3.458100 23.435127 -13.487005 0.305144 -33.849053 2.656484 -3.458100 2.934669 -2.125316 3.760552 1.471147 2.624429 6.097385 23.435127 -2.125316 34.869166 -14.659947 14.237349 -60.488500 -1.991037 -13.487005 3.760552 -14.659947 11.972936 -4.106431 24.589540 10.097749 0.305144 1.471147 14.237349 -4.106431 51.069572 -59.595351 -15.579741 -33.849053 2.624429 -60.488500 24.589540 -59.595351 132.054973
2.966690 -1.813956 1.338238 -0.254744 1.143814 2.513022 -0.276457 -1.813956 1.675330 -1.256820 0.350069 -0.869797 -2.391837 0.518783 1.338238 -1.256820 1.003680 -0.133678 0.745975 1.977007 -0.480628 -0.254744 0.350069 -0.133678 2.008469 0.299853 -1.907776 0.098050 1.143814 -0.869797 0.745975 0.299853 0.795553 0.997418 0.018592 2.513022 -2.391837 1.977007 -1.907776 0.997418 6.543825 -1.997498 -0.276457 0.518783 -0.480628 0.098050 0.018592 -1.997498 1.494032
-0.591717 -0.107009 -0.149330 0.186577 0.753289 0.081813 0.084687 -0.471948 -0.456443 0.327687 -0.580623 -0.195686 -0.293401 0.006767 0.443292 -0.438235 -0.431945 -0.504814 0.293373 0.289723 0.004653
0.3400 0.0000 0.4000 0.0000 0.4000 0.0000 0.2790
0.0000 0.0000 0.0000 0.0000 0.0000 0.0000 0.0500
1.5708 -1.5708 -1.5708 1.5708 1.5708 -1.5708 0.0000
-2.9671 -3.1416 -3.4907 -3.8397 -4.8869 -3.1416 -4.1888
2.9671 3.1416 3.4907 3.8397 4.8869 3.1416 4.1888
