8.042980 3.097953 0.309563 5.063296 1.090402 -8.568975 -3.956351
3.097953 1.562321 0.106253 2.046230 0.479568 -3.522404 -1.639014
0.309563 0.106253 0.015888 0.183733 0.042057 -0.356370 -0.162194
5.063296 2.046230 0.183733 3.266800 0.765278 -5.173265 -2.707801
1.090402 0.479568 0.042057 0.765278 0.283814 -0.846776 -0.963550
-8.568975 -3.522404 -0.356370 -5.173265 -0.846776 10.706132 3.230468
-3.956351 -1.639014 -0.162194 -2.707801 -0.963550 3.230468 3.316888
20.321232 -7.663058 1.514641 23.866187 2.275723 -4.402328 0.027628
-7.663058 7.079945 -0.938525 -13.709246 -1.321745 -0.919852 4.310654
1.514641 -0.938525 4.837967 4.232585 4.777096 5.702156 -8.259610
23.866187 -13.709246 4.232585 35.271654 4.555467 -1.987782 -7.018997
2.275723 -1.321745 4.777096 4.555467 5.469857 5.885162 -7.461861
-4.402328 -0.919852 5.702156 -1.987782 5.885162 16.615964 -18.511406
0.027628 4.310654 -8.259610 -7.018997 -7.461861 -18.511406 24.765174
3.580223 -0.007507 0.390363 2.912303 -0.176217 -1.703841 -0.022275
-0.007507 0.125132 0.039125 0.113968 0.075998 0.327419 -0.460004
0.390363 0.039125 2.016452 0.427230 1.821579 -0.532839 0.094144
2.912303 0.113968 0.427230 2.488607 -0.017273 -1.107987 -0.473521
-0.176217 0.075998 1.821579 -0.017273 1.826273 -0.021699 0.109199
-1.703841 0.327419 -0.532839 -1.107987 -0.021699 1.903481 -1.026948
-0.022275 -0.460004 0.094144 -0.473521 0.109199 -1.026948 2.011786
