3.963500 0.425852 0.155784 -0.272097 0.155784 0.118341 0.155784
0.425852 0.575630 0.009312 0.477113 0.009312 -0.207507 0.009312
0.155784 0.009312 1.309592 -0.005952 -0.012747 0.002588 -0.012747
-0.272097 0.477113 -0.005952 1.017499 -0.005951 0.132585 -0.005951
0.155784 0.009312 -0.012747 -0.005951 1.309592 0.002589 -0.012747
0.118341 -0.207507 0.002588 0.132585 0.002589 1.264683 0.002588
0.155784 0.009312 -0.012747 -0.005951 -0.012747 0.002588 1.309591
3.502268 0.511337 0.111372 -0.328872 0.111372 0.146408 0.111372
0.511337 0.546777 0.003087 0.498824 0.003087 -0.222065 0.003087
0.111372 0.003087 1.313956 -0.001986 -0.008381 0.000884 -0.008381
-0.328872 0.498824 -0.001986 1.001534 -0.001985 0.142822 -0.001986
0.111372 0.003087 -0.008381 -0.001985 1.313957 0.000884 -0.008381
0.146408 -0.222065 0.000884 0.142822 0.000884 1.258766 0.000884
0.111372 0.003087 -0.008381 -0.001986 -0.008381 0.000884 1.313957
4.785643 0.623620 0.212659 -0.398460 0.212659 0.173299 0.212659
0.623620 2.002271 0.187772 -0.434445 0.187772 0.188949 0.187772
0.212659 0.187772 1.340746 -0.119977 0.018409 0.052180 0.018409
-0.398460 -0.434445 -0.119977 1.599918 -0.119977 -0.120728 -0.119977
0.212659 0.187772 0.018409 -0.119977 1.340746 0.052181 0.018409
0.173299 0.188949 0.052180 -0.120728 0.052181 1.374845 0.052181
0.212659 0.187772 0.018409 -0.119977 0.018409 0.052181 1.340746
0.270497 -0.020947 0.078657 -0.027601 0.078657 0.076149 0.078657
-0.020947 0.270959 -0.136758 0.483146 -0.136758 0.085156 -0.136757
0.078657 -0.136758 1.271468 -0.115023 -0.051024 0.366800 -0.051025
-0.027601 0.483146 -0.115023 0.917462 -0.115021 0.326743 -0.115020
0.078657 -0.136758 -0.051024 -0.115021 1.271156 0.366801 -0.050713
0.076149 0.085156 0.366800 0.326743 0.366801 0.583765 0.366802
0.078657 -0.136757 -0.051025 -0.115020 -0.050713 0.366802 1.271157
2.940122 0.288440 0.145320 -0.184298 0.145320 0.080155 0.145320
0.288440 0.468396 0.001834 0.545633 0.001834 -0.237307 0.001834
0.145320 0.001834 1.311593 -0.001172 -0.010745 0.000510 -0.010744
-0.184298 0.545633 -0.001172 0.973724 -0.001171 0.151626 -0.001171
0.145320 0.001834 -0.010745 -0.001171 1.311593 0.000509 -0.010744
0.080155 -0.237307 0.000510 0.151626 0.000509 1.256402 0.000509
0.145320 0.001834 -0.010744 -0.001171 -0.010744 0.000509 1.311593
0.790787 -0.044312 0.289870 -0.063105 0.289870 0.170523 0.289870
-0.044312 0.267806 -0.310177 0.508304 -0.310176 0.037920 -0.310177
0.289870 -0.310177 2.910610 -0.441724 1.588236 1.193620 1.588232
-0.063105 0.508304 -0.441724 0.977719 -0.441721 0.180924 -0.441722
0.289870 -0.310176 1.588236 -0.441721 2.910818 1.193622 1.588023
0.170523 0.037920 1.193620 0.180924 1.193622 0.922565 1.193621
0.289870 -0.310177 1.588232 -0.441722 1.588023 1.193621 2.910823
2.570576 0.638851 0.090564 -0.419616 0.090564 0.200382 0.090564
0.638851 0.679917 0.007465 0.421971 0.007465 -0.201505 0.007465
0.090564 0.007465 1.317456 -0.004904 -0.004881 0.002342 -0.004881
-0.419616 0.421971 -0.004904 1.045189 -0.004904 0.132355 -0.004904
0.090564 0.007465 -0.004881 -0.004904 1.317456 0.002342 -0.004881
0.200382 -0.201505 0.002342 0.132355 0.002342 1.259144 0.002342
0.090564 0.007465 -0.004881 -0.004904 -0.004881 0.002342 1.317456
