2 2 3
0.381072 0.275949 0.342978
-0.135633 0.681626 0.975389 -0.342620 -0.634069 -0.481671
0.599613 0.048083 0.048083 0.011275
0.049857 -0.001474 -0.001474 0.080802
0.337117 0.013946 0.013946 0.058373
3.500531 -0.035210 6.457870 -2.548903 3.976397 -0.971578 3.690984 -0.035210 1.515025 -4.696917 1.641166 -4.245281 0.383008 -3.598450 6.457870 -4.696917 34.577470 -10.940683 28.451582 -6.373427 22.431712 -2.548903 1.641166 -10.940683 4.153811 -8.712302 1.808925 -7.731950 3.976397 -4.245281 28.451582 -8.712302 24.471395 -5.511062 18.821365 -0.971578 0.383008 -6.373427 1.808925 -5.511062 2.475730 -4.745542 3.690984 -3.598450 22.431712 -7.731950 18.821365 -4.745542 16.364339
0.296398 0.099000 0.062207 -0.090283 0.114871 -0.066072 0.051629 0.099000 0.529564 0.395202 -0.162131 0.847009 -0.456542 0.135851 0.062207 0.395202 0.415501 0.091473 0.656732 -0.249853 -0.226698 -0.090283 -0.162131 0.091473 0.445574 -0.188423 0.297974 -0.636616 0.114871 0.847009 0.656732 -0.188423 1.400287 -0.722889 0.120439 -0.066072 -0.456542 -0.249853 0.297974 -0.722889 0.875865 -0.654998 0.051629 0.135851 -0.226698 -0.636616 0.120439 -0.654998 1.188553
0.795933 0.075852 -0.009588 -0.024935 0.064529 -0.065850 0.017504 0.075852 2.439256 -0.367394 -0.175928 1.750318 -2.434600 0.182218 -0.009588 -0.367394 0.345441 0.221522 -0.062951 0.669190 -0.517433 -0.024935 -0.175928 0.221522 0.424647 -0.087519 0.271495 -0.541672 0.064529 1.750318 -0.062951 -0.087519 1.450567 -1.512654 -0.135423 -0.065850 -2.434600 0.669190 0.271495 -1.512654 2.792512 -0.618950 0.017504 0.182218 -0.517433 -0.541672 -0.135423 -0.618950 0.983329
-0.996342 0.085458 0.000000 0.000000 0.000000 0.000000 0.000000 -0.085458 -0.996342 -0.000000 -0.000000 -0.000000 -0.000000 -0.000000
0.3400 0.0000 0.4000 0.0000 0.4000 0.0000 0.2790
0.0000 0.0000 0.0000 0.0000 0.0000 0.0000 0.0500
1.5708 -1.5708 -1.5708 1.5708 1.5708 -1.5708 0.0000
-2.9671 -3.1416 -3.4907 -3.8397 -4.8869 -3.1416 -4.1888
2.9671 3.1416 3.4907 3.8397 4.8869 3.1416 4.1888
