0.580249142940583	0.0481110945408937	-0.00715424583321053	0.0250846274307448	-0.136712418179659	1.86285755895677e-14	-5.45620696394969	-1.41546524119061	0.0487130966159135	-0.645431320112688	2.39868759798270	-2.81667661952169e-07
0.0481110945408937	0.155400689583184	0.00341766892039948	-0.0164662946450292	0.0402134462282905	-3.77081070637623e-15	-2.13588170319241	-0.932848777675994	0.187894341504332	-0.579538520115082	0.228974944741013	1.89678189576433e-07
-0.00715424583321053	0.00341766892039948	0.725166414453720	0.00536551484877901	-0.00788009286089546	-4.34065187770684e-14	-0.0280989880350339	-0.00662397389892611	-0.308616559472511	-0.0200834125795536	0.235158914857081	1.07876863681330e-06
0.0250846274307448	-0.0164662946450292	0.00536551484877901	0.536020644900758	0.0844453015677067	7.80913553791808e-15	-1.23219849430398	-0.148355476145618	0.166246048416865	-0.449501619494861	1.74176696606430	-1.66778167568228e-07
-0.136712418179659	0.0402134462282905	-0.00788009286089546	0.0844453015677067	0.346830699517082	-2.73184077930304e-14	-0.141316684217727	-0.481796618822111	0.617660606367244	-0.986490614603738	-1.10890140188775	7.30828659886330e-07
1.86285755895677e-14	-3.77081070637623e-15	-4.34065187770684e-14	7.80913553791808e-15	-2.73184077930304e-14	1.20316709348347	783.203059813774	1056.63123281202	-1421.51632715941	-79.5732233285090	3814.32447858372	-29907905.1456387
-5.45620696394969	-2.13588170319241	-0.0280989880350339	-1.23219849430398	-0.141316684217727	783.203059813774	0	0	0	0	0	0
-1.41546524119061	-0.932848777675994	-0.00662397389892611	-0.148355476145618	-0.481796618822111	1056.63123281202	0	0	0	0	0	0
0.0487130966159135	0.187894341504332	-0.308616559472511	0.166246048416865	0.617660606367244	-1421.51632715941	0	0	0	0	0	0
-0.645431320112688	-0.579538520115082	-0.0200834125795536	-0.449501619494861	-0.986490614603738	-79.5732233285090	0	0	0	0	0	0
2.39868759798270	0.228974944741013	0.235158914857081	1.74176696606430	-1.10890140188775	3814.32447858372	0	0	0	0	0	0
-2.81667661952169e-07	1.89678189576433e-07	1.07876863681330e-06	-1.66778167568228e-07	7.30828659886330e-07	-29907905.1456387	0	0	0	0	0	0
