1.394125 0.485836 0.780345 -0.661741 -0.330941 0.467067 -0.263577
0.485836 0.603527 0.293868 -0.472001 -0.188022 0.188202 -0.105732
0.780345 0.293868 0.918148 -0.596628 0.116495 0.897638 -0.369071
-0.661741 -0.472001 -0.596628 1.145724 0.144787 -0.514662 -0.446789
-0.330941 -0.188022 0.116495 0.144787 0.300920 0.253374 -0.129837
0.467067 0.188202 0.897638 -0.514662 0.253374 1.287865 -0.707063
-0.263577 -0.105732 -0.369071 -0.446789 -0.129837 -0.707063 1.270904
6.274148 -1.629031 -3.753867 2.804595 3.575795 -0.523284 -2.555932
-1.629031 1.884567 3.199358 0.207246 -0.762717 0.704665 -2.268348
-3.753867 3.199358 5.708304 -0.048342 -1.707183 0.674533 -2.751709
2.804595 0.207246 -0.048342 3.183401 2.248497 -1.300103 -3.264567
3.575795 -0.762717 -1.707183 2.248497 2.486805 -1.433297 -1.411605
-0.523284 0.704665 0.674533 -1.300103 -1.433297 3.642278 -2.098132
-2.555932 -2.268348 -2.751709 -3.264567 -1.411605 -2.098132 8.086692
1.174650 0.840135 2.357869 0.632678 -1.216495 0.444603 -2.269555
0.840135 1.983751 2.470067 1.441000 -0.912965 -0.852962 -2.767289
2.357869 2.470067 7.799026 5.600394 -3.168450 -2.207805 -6.917403
0.632678 1.441000 5.600394 6.987046 -2.322672 -3.439328 -6.000172
-1.216495 -0.912965 -3.168450 -2.322672 4.240577 2.640061 1.989318
0.444603 -0.852962 -2.207805 -3.439328 2.640061 9.345575 -4.420473
-2.269555 -2.767289 -6.917403 -6.000172 1.989318 -4.420473 14.264647
2.645282 3.021866 0.069480 4.561442 -1.976484 -0.246473 0.247095
3.021866 6.671834 -0.253583 9.471805 -6.239958 -0.642523 0.358465
0.069480 -0.253583 1.809705 0.076247 2.494160 1.724210 0.322920
4.561442 9.471805 0.076247 15.823710 -5.187037 -0.790720 0.414989
-1.976484 -6.239958 2.494160 -5.187037 13.088648 2.443172 -0.518126
-0.246473 -0.642523 1.724210 -0.790720 2.443172 2.098735 -0.783297
0.247095 0.358465 0.322920 0.414989 -0.518126 -0.783297 3.137521
33.770383 74.372524 7.889003 119.925356 -17.970182 22.006493 8.062651
74.372524 177.589892 27.776280 288.268841 -42.451397 54.692433 22.240734
7.889003 27.776280 60.037208 44.355328 -51.038979 2.332798 2.049315
119.925356 288.268841 44.355328 476.884564 -55.031430 84.791715 36.537558
-17.970182 -42.451397 -51.038979 -55.031430 68.909630 -6.228348 -4.874920
22.006493 54.692433 2.332798 84.791715 -6.228348 41.653741 0.004768
8.062651 22.240734 2.049315 36.537558 -4.874920 0.004768 6.474169
1.388658 1.529764 2.549982 -4.043141 -2.300738 11.678339 1.736772
1.529764 69.986685 40.462065 84.773479 103.887025 -111.513614 -101.074559
2.549982 40.462065 28.896343 44.103540 52.443072 -56.405846 -50.927138
-4.043141 84.773479 44.103540 182.944165 245.741942 -100.193274 -223.838393
-2.300738 103.887025 52.443072 245.741942 569.623077 -26.192215 250.127427
11.678339 -111.513614 -56.405846 -100.193274 -26.192215 549.268908 -12.638702
1.736772 -101.074559 -50.927138 -223.838393 250.127427 -12.638702 1937.066922
4.307424 8.298520 -2.584751 13.649913 1.191638 -0.915199 -4.294149
8.298520 24.471511 -11.318389 41.125446 11.478340 -3.053179 -14.520201
-2.584751 -11.318389 8.845821 -19.097459 -13.081355 2.109677 6.567528
13.649913 41.125446 -19.097459 71.614941 23.391151 -3.436673 -26.337944
1.191638 11.478340 -13.081355 23.391151 30.419316 -0.213627 -0.935988
-0.915199 -3.053179 2.109677 -3.436673 -0.213627 1.687750 0.500110
-4.294149 -14.520201 6.567528 -26.337944 -0.935988 0.500110 46.971704
