2 2 4
0.197522 0.118956 0.335958 0.347564
0.533740 -0.469643 1.146208 0.259418 0.401897 0.133236 -1.084098 0.049326
0.102881 0.003959 0.003959 0.001402
0.000562 -0.000496 -0.000496 0.000441
0.262579 0.119912 0.119912 0.074410
0.114688 -0.075588 -0.075588 0.055437
12.990056 3.530771 8.866426 -4.387084 -0.659599 2.077521 2.218794 3.530771 3.622893 2.289757 1.143421 -0.912367 0.035313 -3.281198 8.866426 2.289757 8.156220 -2.567815 1.623043 1.680983 0.767969 -4.387084 1.143421 -2.567815 5.642894 0.581302 -1.070199 -7.111845 -0.659599 -0.912367 1.623043 0.581302 2.336980 0.274149 -0.599620 2.077521 0.035313 1.680983 -1.070199 0.274149 1.853889 -0.306239 2.218794 -3.281198 0.767969 -7.111845 -0.599620 -0.306239 11.375140
26.788193 -20.116009 -4.854694 40.118137 32.579077 -28.165437 -0.380119 -20.116009 53.837651 32.492381 -66.884663 -59.212464 9.168884 22.572766 -4.854694 32.492381 26.582797 -30.550775 -29.639354 -18.975541 27.265061 40.118137 -66.884663 -30.550775 107.513955 85.103858 -37.708974 -28.073515 32.579077 -59.212464 -29.639354 85.103858 72.069512 -30.064624 -17.506570 -28.165437 9.168884 -18.975541 -37.708974 -30.064624 94.917240 -59.766867 -0.380119 22.572766 27.265061 -28.073515 -17.506570 -59.766867 71.792997
2.647180 0.183094 1.584139 0.877590 0.154241 -1.641697 0.735604 0.183094 0.761548 0.722493 -0.092761 -0.226195 -0.903305 0.290627 1.584139 0.722493 1.725549 0.803770 0.070186 -1.720874 0.592224 0.877590 -0.092761 0.803770 1.122798 0.338514 0.021079 -0.700788 0.154241 -0.226195 0.070186 0.338514 0.207489 0.127929 -0.031625 -1.641697 -0.903305 -1.720874 0.021079 0.127929 3.531505 -2.930407 0.735604 0.290627 0.592224 -0.700788 -0.031625 -2.930407 3.632425
1.918875 -0.343468 1.301607 -0.210158 -0.857847 2.808342 -2.558759 -0.343468 2.665371 1.486600 1.871113 -0.798671 -2.717595 -2.048453 1.301607 1.486600 3.808804 3.721649 -0.266772 -0.632275 -5.094494 -0.210158 1.871113 3.721649 6.365964 -0.809478 -6.035565 -2.967229 -0.857847 -0.798671 -0.266772 -0.809478 3.608658 2.743287 -0.357311 2.808342 -2.717595 -0.632275 -6.035565 2.743287 12.566490 -2.988804 -2.558759 -2.048453 -5.094494 -2.967229 -0.357311 -2.988804 8.416326
-0.708910 -0.109092 0.005655 0.178975 0.651684 0.166054 0.034863 -0.398514 0.182184 0.053860 0.222939 -0.622585 0.595301 0.115750
0.3400 0.0000 0.4000 0.0000 0.4000 0.0000 0.2790
0.0000 0.0000 0.0000 0.0000 0.0000 0.0000 0.0500
1.5708 -1.5708 -1.5708 1.5708 1.5708 -1.5708 0.0000
-2.9671 -3.1416 -3.4907 -3.8397 -4.8869 -3.1416 -4.1888
2.9671 3.1416 3.4907 3.8397 4.8869 3.1416 4.1888
