9.422668 5.390366 9.101443 9.565689 0.326814 -6.516259 -4.318837
5.390366 4.190867 6.147971 4.935985 0.218933 -4.076725 -2.516059
9.101443 6.147971 9.675058 8.802305 0.335581 -6.596040 -4.386573
9.565689 4.935985 8.802305 10.074319 0.326488 -6.516171 -4.349881
0.326814 0.218933 0.335581 0.326488 0.047601 -0.399844 -0.025103
-6.516259 -4.076725 -6.596040 -6.516171 -0.399844 5.395296 2.486628
-4.318837 -2.516059 -4.386573 -4.349881 -0.025103 2.486628 2.708445
0.925059 -0.203696 0.346013 -0.180384 -0.109371 -0.104274 0.518718
-0.203696 1.004550 -0.221401 -0.457003 -0.160911 -0.172661 -0.104451
0.346013 -0.221401 0.316049 0.108462 -0.165093 -0.217892 0.054690
-0.180384 -0.457003 0.108462 0.406075 0.118836 0.312307 -0.467861
-0.109371 -0.160911 -0.165093 0.118836 0.361989 0.822229 -0.440594
-0.104274 -0.172661 -0.217892 0.312307 0.822229 2.259549 -1.579202
0.518718 -0.104451 0.054690 -0.467861 -0.440594 -1.579202 1.881359
5.918800 -3.511216 1.372322 2.349888 -2.840914 -2.027362 2.818840
-3.511216 3.739801 -1.225306 -1.468652 0.611013 -1.742467 0.207673
1.372322 -1.225306 2.420939 0.945058 1.258795 2.374694 -2.911865
2.349888 -1.468652 0.945058 2.174818 -0.585969 0.289081 0.479868
-2.840914 0.611013 1.258795 -0.585969 3.493285 4.788785 -5.144037
-2.027362 -1.742467 2.374694 0.289081 4.788785 8.563940 -7.600039
2.818840 0.207673 -2.911865 0.479868 -5.144037 -7.600039 8.286290
0.822524 0.377654 -0.177942 -0.010431 -1.188005 0.502692 -0.076409
0.377654 1.065840 0.173496 -0.147301 -0.380022 -0.741457 0.535159
-0.177942 0.173496 0.144227 0.010402 0.455483 -0.358043 0.140686
-0.010431 -0.147301 0.010402 0.109036 0.246076 0.212931 -0.168827
-1.188005 -0.380022 0.455483 0.246076 2.520910 -0.722598 -0.013372
0.502692 -0.741457 -0.358043 0.212931 -0.722598 1.425682 -0.735293
-0.076409 0.535159 0.140686 -0.168827 -0.013372 -0.735293 0.450111
28.380624 -10.636792 5.190078 -13.161733 -38.543934 -2.340243 4.417040
-10.636792 5.725977 -0.169161 3.053378 16.154709 3.864860 -3.798704
5.190078 -0.169161 2.949731 -4.193501 -6.374956 2.669302 -2.200982
-13.161733 3.053378 -4.193501 9.930804 15.138432 -2.523052 0.421026
-38.543934 16.154709 -6.374956 15.138432 60.164693 5.878791 -3.466742
-2.340243 3.864860 2.669302 -2.523052 5.878791 5.436787 -4.428071
4.417040 -3.798704 -2.200982 0.421026 -3.466742 -4.428071 7.240909
1.623805 -0.342868 0.788151 -0.148669 -0.619351 -0.353408 0.421150
-0.342868 0.592609 -0.429719 -0.390346 0.103619 0.006881 0.036859
0.788151 -0.429719 0.629722 0.200501 -0.427850 -0.572179 0.379503
-0.148669 -0.390346 0.200501 0.425334 0.111179 -0.106175 0.062003
-0.619351 0.103619 -0.427850 0.111179 0.698420 0.764912 -0.250294
-0.353408 0.006881 -0.572179 -0.106175 0.764912 1.773653 -0.954173
0.421150 0.036859 0.379503 0.062003 -0.250294 -0.954173 0.797672
1.596850 -0.515213 0.921527 0.467629 -0.710950 0.227953 -0.214231
-0.515213 0.192377 -0.312809 -0.186054 0.233003 -0.108979 0.071346
0.921527 -0.312809 0.582717 0.233790 -0.423220 0.221997 -0.235087
0.467629 -0.186054 0.233790 0.496150 -0.280749 -0.084814 0.127691
-0.710950 0.233003 -0.423220 -0.280749 0.348798 -0.087594 0.108950
0.227953 -0.108979 0.221997 -0.084814 -0.087594 0.242791 -0.236187
-0.214231 0.071346 -0.235087 0.127691 0.108950 -0.236187 0.327521
0.923920 0.594139 0.088056 0.279704 -1.126298 0.315557 -0.086602
0.594139 1.067064 0.277302 0.106123 -0.660338 -0.627752 0.459640
0.088056 0.277302 0.277207 0.072861 0.182288 -0.328897 0.172374
0.279704 0.106123 0.072861 0.164213 -0.229897 0.222114 -0.113244
-1.126298 -0.660338 0.182288 -0.229897 2.028484 -0.511150 0.138222
0.315557 -0.627752 -0.328897 0.222114 -0.511150 1.266756 -0.718393
-0.086602 0.459640 0.172374 -0.113244 0.138222 -0.718393 0.426791
