1.623805 -0.342868 0.788151 -0.148669 -0.619351 -0.353408 0.421150
-0.342868 0.592609 -0.429719 -0.390346 0.103619 0.006881 0.036859
0.788151 -0.429719 0.629722 0.200501 -0.427850 -0.572179 0.379503
-0.148669 -0.390346 0.200501 0.425334 0.111179 -0.106175 0.062003
-0.619351 0.103619 -0.427850 0.111179 0.698420 0.764912 -0.250294
-0.353408 0.006881 -0.572179 -0.106175 0.764912 1.773653 -0.954173
0.421150 0.036859 0.379503 0.062003 -0.250294 -0.954173 0.797672
1.596850 -0.515213 0.921527 0.467629 -0.710950 0.227953 -0.214231
-0.515213 0.192377 -0.312809 -0.186054 0.233003 -0.108979 0.071346
0.921527 -0.312809 0.582717 0.233790 -0.423220 0.221997 -0.235087
0.467629 -0.186054 0.233790 0.496150 -0.280749 -0.084814 0.127691
-0.710950 0.233003 -0.423220 -0.280749 0.348798 -0.087594 0.108950
0.227953 -0.108979 0.221997 -0.084814 -0.087594 0.242791 -0.236187
-0.214231 0.071346 -0.235087 0.127691 0.108950 -0.236187 0.327521
0.923920 0.594139 0.088056 0.279704 -1.126298 0.315557 -0.086602
0.594139 1.067064 0.277302 0.106123 -0.660338 -0.627752 0.459640
0.088056 0.277302 0.277207 0.072861 0.182288 -0.328897 0.172374
0.279704 0.106123 0.072861 0.164213 -0.229897 0.222114 -0.113244
-1.126298 -0.660338 0.182288 -0.229897 2.028484 -0.511150 0.138222
0.315557 -0.627752 -0.328897 0.222114 -0.511150 1.266756 -0.718393
-0.086602 0.459640 0.172374 -0.113244 0.138222 -0.718393 0.426791
