4 4 4
0.341018 0.268558 0.237265 0.153159
-0.136590 0.084563 -0.259553 0.118768 0.401214 0.462250 0.054650 -0.029877 0.428928 -0.629414 0.032864 -0.128841 -1.063855 -0.023772 0.431171 -0.012462
0.133300 -0.029997 0.083767 0.027487 -0.029997 0.041422 -0.036587 -0.022229 0.083767 -0.036587 0.074751 0.040651 0.027487 -0.022229 0.040651 0.040481
0.019150 0.014432 -0.007311 -0.025116 0.014432 0.015444 -0.009456 -0.016934 -0.007311 -0.009456 0.016568 0.013808 -0.025116 -0.016934 0.013808 0.079500
0.171088 0.084056 0.115513 0.046014 0.084056 0.109743 0.096381 -0.029232 0.115513 0.096381 0.109285 -0.014956 0.046014 -0.029232 -0.014956 0.107840
0.062251 0.004725 -0.033158 0.041049 0.004725 0.001135 -0.004396 0.000403 -0.033158 -0.004396 0.027239 -0.008123 0.041049 0.000403 -0.008123 0.048370
0.781389 0.012801 -0.002231 0.309651 -0.813747 0.967595 -0.625384 0.012801 1.075133 -0.320405 -0.396909 -0.708904 -0.956855 0.954513 -0.002231 -0.320405 0.326143 0.137274 0.626017 0.176655 -0.111231 0.309651 -0.396909 0.137274 0.275965 -0.051795 0.736966 -0.596497 -0.813747 -0.708904 0.626017 -0.051795 2.396168 -0.555517 0.369225 0.967595 -0.956855 0.176655 0.736966 -0.555517 2.132726 -1.729290 -0.625384 0.954513 -0.111231 -0.596497 0.369225 -1.729290 1.500584
1.423346 -1.662780 0.955033 -0.385497 -0.108484 1.122015 0.507241 -1.662780 2.027928 -1.357187 0.401211 -0.097845 -1.453039 -0.579036 0.955033 -1.357187 2.022301 -0.051732 1.348018 1.491290 -0.092437 -0.385497 0.401211 -0.051732 0.192987 0.222882 -0.229917 -0.296609 -0.108484 -0.097845 1.348018 0.222882 1.485369 0.675886 -0.492317 1.122015 -1.453039 1.491290 -0.229917 0.675886 1.313912 0.272938 0.507241 -0.579036 -0.092437 -0.296609 -0.492317 0.272938 0.643567
1.900950 0.741468 0.780751 -1.640963 -1.330846 0.093190 -0.308366 0.741468 0.499156 -0.203964 -0.659101 -0.690026 -0.043898 0.290579 0.780751 -0.203964 1.702196 -0.716695 -0.110226 -0.128057 -1.046140 -1.640963 -0.659101 -0.716695 1.518201 1.122631 0.005364 0.310075 -1.330846 -0.690026 -0.110226 1.122631 1.091322 0.027553 -0.183071 0.093190 -0.043898 -0.128057 0.005364 0.027553 1.289497 -0.714190 -0.308366 0.290579 -1.046140 0.310075 -0.183071 -0.714190 1.227682
1.570296 -1.610968 1.021292 -0.668153 -1.197586 0.732780 0.004299 -1.610968 2.951955 -1.661062 1.247613 -0.046063 -1.924598 -1.376446 1.021292 -1.661062 1.511175 -1.441728 -0.547811 1.088033 0.743554 -0.668153 1.247613 -1.441728 2.365202 0.465140 -0.427072 -2.145885 -1.197586 -0.046063 -0.547811 0.465140 4.211198 1.627962 1.932762 0.732780 -1.924598 1.088033 -0.427072 1.627962 2.297627 0.863406 0.004299 -1.376446 0.743554 -2.145885 1.932762 0.863406 4.110275
0.629059 0.403652 -0.317400 -0.187224 0.327904 0.439058 0.072537 0.226145 0.027754 -0.045950 -0.538888 0.221129 -0.778863 0.007155 0.389221 0.147889 0.535724 -0.243568 -0.671984 0.065848 0.156243 0.286908 0.424061 -0.095648 0.700069 -0.154659 -0.425898 -0.182488
0.3400 0.0000 0.4000 0.0000 0.4000 0.0000 0.2790
0.0000 0.0000 0.0000 0.0000 0.0000 0.0000 0.0500
1.5708 -1.5708 -1.5708 1.5708 1.5708 -1.5708 0.0000
-2.9671 -3.1416 -3.4907 -3.8397 -4.8869 -3.1416 -4.1888
2.9671 3.1416 3.4907 3.8397 4.8869 3.1416 4.1888
