6.94737626972741e-13	2.32071553673283e-13	2.22526450440737e-12	-0.120100904932437	-0.0352331685235816	0.0500691174614470	0.117518364330395	-0.115524454754886	-0.00915726201161788
-1.03928962745628e-12	-3.26158426290996e-13	-3.27289782437711e-12	-0.0940057093792257	-0.104519839569163	0.0272176613726397	0.141272431925685	-0.143866853154932	0.00107981191858525
1.13264748693285e-12	3.72923210255809e-13	4.33533449424451e-12	0.00823110165778178	0.0170504549391423	-0.100456162091124	-0.0171358910664657	0.109341767308407	-0.00154555206735843
0.00585544171156398	9.74704387189361e-14	7.77938218964824e-13	0.00800786206820122	-0.0160643142374718	0.0136067143618624	-0.0274311519167447	0.0225320980402693	0.00146927428810266
9.74704387189361e-14	0.0717421969541872	5.03337860657840e-12	0.0679892709037579	-0.0121330121004757	-0.0373317546694915	-0.143345237834272	-0.122594272181310	0.0286211646309968
7.77938218964824e-13	5.03337860657840e-12	0.000138755520293881	2.15108694017903e-05	-0.000440054730790331	0.000887608868550519	-0.00103740886264652	-0.000430310857595521	-0.000853275625141683
0.00800786206820122	0.0679892709037579	2.15108694017903e-05	0	0	0	0	0	0
-0.0160643142374718	-0.0121330121004757	-0.000440054730790331	0	0	0	0	0	0
0.0136067143618624	-0.0373317546694915	0.000887608868550519	0	0	0	0	0	0
-0.0274311519167447	-0.143345237834272	-0.00103740886264652	0	0	0	0	0	0
0.0225320980402693	-0.122594272181310	-0.000430310857595521	0	0	0	0	0	0
0.00146927428810266	0.0286211646309968	-0.000853275625141683	0	0	0	0	0	0
