0.753446 0.018506 0.077840 -0.018497 0.077840 0.018497 0.077840
0.018506 0.954937 0.082650 0.342771 0.082650 -0.342771 0.082650
0.077840 0.082650 1.378585 -0.082586 0.080955 0.082586 0.080955
-0.018497 0.342771 -0.082586 0.954862 -0.082586 0.342697 -0.082586
0.077840 0.082650 0.080955 -0.082586 1.378585 0.082586 0.080955
0.018497 -0.342771 0.082586 0.342697 0.082586 0.954862 0.082586
0.077840 0.082650 0.080955 -0.082586 0.080955 0.082586 1.378585
0.621561 0.131489 0.077706 -0.092889 0.077706 0.054288 0.077704
0.131489 0.722065 0.030526 0.406572 0.030526 -0.237617 0.030526
0.077706 0.030526 1.298812 -0.021568 0.001183 0.012605 0.001183
-0.092889 0.406572 -0.021568 1.010380 -0.021568 0.167873 -0.021568
0.077706 0.030526 0.001183 -0.021568 1.298812 0.012605 0.001183
0.054288 -0.237617 0.012605 0.167873 0.012605 1.199502 0.012605
0.077704 0.030526 0.001183 -0.021568 0.001183 0.012605 1.298766
2.299624 0.658334 0.086637 -0.441844 0.086637 0.225353 0.086626
0.658334 0.752414 0.011246 0.365962 0.011246 -0.186647 0.011246
0.086637 0.011246 1.293187 -0.007556 -0.004439 0.003853 -0.004438
-0.441844 0.365962 -0.007556 1.052056 -0.007556 0.125241 -0.007556
0.086637 0.011246 -0.004439 -0.007556 1.293187 0.003853 -0.004438
0.225353 -0.186647 0.003853 0.125241 0.003853 1.233725 0.003853
0.086626 0.011246 -0.004438 -0.007556 -0.004438 0.003853 1.292972
2.570338 0.638853 0.089066 -0.419619 0.089066 0.200383 0.089051
0.638853 0.671374 0.007463 0.411376 0.007463 -0.196444 0.007463
0.089066 0.007463 1.291897 -0.004907 -0.005729 0.002343 -0.005728
-0.419619 0.411376 -0.004907 1.027464 -0.004907 0.129006 -0.004907
0.089066 0.007463 -0.005729 -0.004907 1.291897 0.002343 -0.005728
0.200383 -0.196444 0.002343 0.129006 0.002343 1.235999 0.002343
0.089051 0.007463 -0.005728 -0.004907 -0.005728 0.002343 1.291626
0.548124 -0.075699 0.078453 0.037632 0.078453 0.000434 0.078453
-0.075699 0.521705 -0.073763 0.385725 -0.073763 0.004453 -0.073763
0.078453 -0.073763 1.315416 0.036670 0.017787 0.000423 0.017787
0.037632 0.385725 0.036670 1.105852 0.036670 -0.002213 0.036670
0.078453 -0.073763 0.017787 0.036670 1.315416 0.000423 0.017787
0.000434 0.004453 0.000423 -0.002213 0.000423 1.297712 0.000423
0.078453 -0.073763 0.017787 0.036670 0.017787 0.000423 1.315407
2.448722 -0.284680 0.099541 0.163746 0.099541 -0.042817 0.099541
-0.284680 1.125632 -0.104341 0.098868 -0.104341 -0.025866 -0.104341
0.099541 -0.104341 1.309200 0.059998 0.011622 -0.015692 0.011622
0.163746 0.098868 0.059998 1.240646 0.059998 0.014876 0.059998
0.099541 -0.104341 0.011622 0.059998 1.309200 -0.015692 0.011622
-0.042817 -0.025866 -0.015692 0.014876 -0.015692 1.293736 -0.015692
0.099541 -0.104341 0.011622 0.059998 0.011622 -0.015692 1.309200
0.284235 0.046676 0.086509 -0.046659 0.086509 0.046659 0.086501
0.046676 0.983315 0.066255 0.314644 0.066255 -0.314644 0.066255
0.086509 0.066255 1.335591 -0.066135 0.037962 0.066135 0.037962
-0.046659 0.314644 -0.066135 0.983142 -0.066135 0.314471 -0.066135
0.086509 0.066255 0.037962 -0.066135 1.335591 0.066135 0.037962
0.046659 -0.314644 0.066135 0.314471 0.066135 0.983142 0.066135
0.086501 0.066255 0.037962 -0.066135 0.037962 0.066135 1.335419
1.493635 -0.544461 0.112215 0.313175 0.112215 -0.081890 0.112215
-0.544461 0.804083 -0.041470 0.283870 -0.041470 -0.074230 -0.041470
0.112215 -0.041470 1.298639 0.023847 0.001012 -0.006236 0.001012
0.313175 0.283870 0.023847 1.134314 0.023847 0.042700 0.023847
0.112215 -0.041470 0.001012 0.023847 1.298639 -0.006236 0.001012
-0.081890 -0.074230 -0.006236 0.042700 -0.006236 1.286464 -0.006236
0.112215 -0.041470 0.001012 0.023847 0.001012 -0.006236 1.298639
0.905097 -0.309820 0.085098 0.178210 0.085098 -0.046599 0.085098
-0.309820 0.485258 -0.010291 0.467276 -0.010291 -0.122185 -0.010291
0.085098 -0.010291 1.295162 0.005922 -0.002465 -0.001548 -0.002465
0.178210 0.467276 0.005922 1.028845 0.005922 0.070278 0.005922
0.085098 -0.010291 -0.002465 0.005922 1.295161 -0.001548 -0.002465
-0.046599 -0.122185 -0.001548 0.070278 -0.001548 1.279238 -0.001548
0.085098 -0.010291 -0.002465 0.005922 -0.002465 -0.001548 1.295161
