0.287104 0.289226 -0.433172 -0.058869 -0.133991 -0.336757 0.010714
0.289226 0.861203 -0.351795 -0.823428 -0.722787 -0.046754 -0.583596
-0.433172 -0.351795 1.724535 -0.101560 0.600411 0.829450 0.056269
-0.058869 -0.823428 -0.101560 1.080969 0.808204 -0.348850 0.778065
-0.133991 -0.722787 0.600411 0.808204 0.911585 -0.020994 0.678151
-0.336757 -0.046754 0.829450 -0.348850 -0.020994 0.618896 -0.274748
0.010714 -0.583596 0.056269 0.778065 0.678151 -0.274748 0.645456
20.101446 -70.468886 -31.206376 96.846802 -16.036369 -90.029598 110.801971
-70.468886 743.591148 441.826919 -1205.399436 247.784114 957.188012 -522.572168
-31.206376 441.826919 291.377699 -755.909467 167.370970 607.919974 -268.929904
96.846802 -1205.399436 -755.909467 2030.435133 -429.556455 -1611.492620 791.067648
-16.036369 247.784114 167.370970 -429.556455 98.135422 343.563069 -144.173811
-90.029598 957.188012 607.919974 -1611.492620 343.563069 1315.434681 -691.807258
110.801971 -522.572168 -268.929904 791.067648 -144.173811 -691.807258 659.983713
0.525181 0.005723 -0.078139 0.365645 -0.183490 -0.460904 0.213494
0.005723 1.006554 0.042414 -0.685361 -1.327341 -0.941195 0.972367
-0.078139 0.042414 0.161424 0.090772 0.161942 0.033824 0.008766
0.365645 -0.685361 0.090772 1.128194 1.510569 0.248910 -0.433293
-0.183490 -1.327341 0.161942 1.510569 3.361507 1.199493 -1.136634
-0.460904 -0.941195 0.033824 0.248910 1.199493 1.306568 -1.123160
0.213494 0.972367 0.008766 -0.433293 -1.136634 -1.123160 1.057755
0.639105 0.471145 0.187789 -0.690230 -0.086277 -0.524846 0.217694
0.471145 5.443692 0.912820 -6.194873 -0.664794 -0.864074 0.323610
0.187789 0.912820 1.079059 -1.253928 0.165851 0.617593 -0.935906
-0.690230 -6.194873 -1.253928 8.590842 1.392675 1.682540 -0.932463
-0.086277 -0.664794 0.165851 1.392675 1.163953 1.017967 1.612718
-0.524846 -0.864074 0.617593 1.682540 1.017967 1.764864 -0.584348
0.217694 0.323610 -0.935906 -0.932463 1.612718 -0.584348 9.641744
3.644635 1.742469 0.322214 -1.218253 -5.960044 -5.303553 4.656627
1.742469 15.536892 -0.938530 -15.985571 -0.440845 -1.495009 4.618913
0.322214 -0.938530 1.895125 2.971489 -3.540366 0.845394 -0.880372
-1.218253 -15.985571 2.971489 20.348140 1.175910 4.962301 -7.141100
-5.960044 -0.440845 -3.540366 1.175910 31.598054 19.432886 6.268884
-5.303553 -1.495009 0.845394 4.962301 19.432886 20.457809 13.286138
4.656627 4.618913 -0.880372 -7.141100 6.268884 13.286138 88.986168
3.390626 -2.926126 1.503647 -2.673373 -1.917279 1.071152 0.208569
-2.926126 24.511293 18.139819 -15.941977 -8.984208 4.657400 1.908459
1.503647 18.139819 18.492951 -17.111669 -8.961078 6.776024 2.040703
-2.673373 -15.941977 -17.111669 17.359348 10.719020 -5.034063 -1.652413
-1.917279 -8.984208 -8.961078 10.719020 9.373346 -0.287458 -0.464539
1.071152 4.657400 6.776024 -5.034063 -0.287458 4.811531 1.232623
0.208569 1.908459 2.040703 -1.652413 -0.464539 1.232623 2.797819
