0.444026 -0.475219 0.237685 0.223947 0.054009 -0.090754 -0.013832
-0.475219 1.486625 -0.688059 -0.683630 0.333541 0.511181 0.516965
0.237685 -0.688059 0.745589 0.629616 -0.113245 -1.124541 0.083490
0.223947 -0.683630 0.629616 0.919341 -0.069355 -0.623437 -0.538844
0.054009 0.333541 -0.113245 -0.069355 0.277343 0.008617 0.058766
-0.090754 0.511181 -1.124541 -0.623437 0.008617 2.394119 -0.724070
-0.013832 0.516965 0.083490 -0.538844 0.058766 -0.724070 1.313501
1.460798 -0.604315 -0.010983 -0.182201 -0.615923 -1.565139 1.559456
-0.604315 0.983817 0.048964 -0.712344 0.182446 -0.005594 1.033259
-0.010983 0.048964 0.406247 -0.035063 0.373571 -1.403608 1.537793
-0.182201 -0.712344 -0.035063 0.912604 0.282892 1.240433 -2.348562
-0.615923 0.182446 0.373571 0.282892 0.928746 0.477407 -0.536840
-1.565139 -0.005594 -1.403608 1.240433 0.477407 10.276469 -11.517567
1.559456 1.033259 1.537793 -2.348562 -0.536840 -11.517567 14.206539
0.348983 -0.043164 -0.028441 -0.286952 -0.087620 -0.185914 0.245637
-0.043164 0.513383 -0.435836 0.115942 -0.573003 -0.855286 0.681285
-0.028441 -0.435836 1.472858 0.094162 0.847345 0.115892 -0.126996
-0.286952 0.115942 0.094162 0.298103 0.066079 -0.037189 0.020181
-0.087620 -0.573003 0.847345 0.066079 0.855927 0.900163 -0.662335
-0.185914 -0.855286 0.115892 -0.037189 0.900163 2.051764 -1.620837
0.245637 0.681285 -0.126996 0.020181 -0.662335 -1.620837 1.468678
