-1.51972839612208e-14	2.93461966027672e-14	2.14748501480881e-13	6.00658381997938e-13	-0.226044205799257	-0.0616733643264853	0.126725279715967	-0.0985406437512674	-0.125524263237005	0.193916411410000
9.83392753283248e-13	-1.88639739386063e-12	6.09235481738952e-12	-2.30444278872759e-12	0.0726242572950598	-0.247346875238506	-1.09453384796682	0.535795910840534	0.165419264419716	-0.446421939852844
0.692575945147134	2.51905304944916e-12	-8.25799327960220e-12	4.30152825399195e-12	-0.524914789295715	0.871426827127106	-1.32186470385026	0.467491583065537	-1.36144037548592	-0.0181076607858951
2.51905304944916e-12	0.238443573174640	5.14588405745732e-12	-2.48544655377692e-12	0.322539140622497	0.185983990692895	0.975095222656503	-0.851234294591933	-0.645409438701938	0.477718345750106
-8.25799327960220e-12	5.14588405745732e-12	0.0330119492641706	1.20604047837395e-12	-0.169600286982478	-0.0411918681662182	0.198929272541463	0.00823223323425449	-0.257879954446390	-0.125731576616779
4.30152825399195e-12	-2.48544655377692e-12	1.20604047837395e-12	0.122509555642468	-0.796632531021268	-0.101429270361623	-0.416113206367916	0.503752585973892	-0.247817731253810	-0.686392977333466
-0.524914789295715	0.322539140622497	-0.169600286982478	-0.796632531021268	0	0	0	0	0	0
0.871426827127106	0.185983990692895	-0.0411918681662182	-0.101429270361623	0	0	0	0	0	0
-1.32186470385026	0.975095222656503	0.198929272541463	-0.416113206367916	0	0	0	0	0	0
0.467491583065537	-0.851234294591933	0.00823223323425449	0.503752585973892	0	0	0	0	0	0
-1.36144037548592	-0.645409438701938	-0.257879954446390	-0.247817731253810	0	0	0	0	0	0
-0.0181076607858951	0.477718345750106	-0.125731576616779	-0.686392977333466	0	0	0	0	0	0
