0.972895 -0.343605 0.107713 0.104681 -0.069211 -1.082619 0.825500
-0.343605 0.804360 -0.357968 0.064580 -0.012886 1.252080 -0.788940
0.107713 -0.357968 0.540888 -0.120970 0.576330 -0.891900 1.119059
0.104681 0.064580 -0.120970 1.102168 -0.080863 -0.127223 -0.522831
-0.069211 -0.012886 0.576330 -0.080863 0.914195 -0.113388 0.739316
-1.082619 1.252080 -0.891900 -0.127223 -0.113388 5.703322 -5.105286
0.825500 -0.788940 1.119059 -0.522831 0.739316 -5.105286 5.591366
1.534880 0.230746 0.812739 -0.635535 0.388974 0.467136 0.614255
0.230746 0.814604 -0.935822 1.245926 -0.486215 0.272757 -0.958797
0.812739 -0.935822 4.322479 -2.527478 2.963888 0.122226 3.868129
-0.635535 1.245926 -2.527478 3.578698 -0.693874 -0.560775 -2.329824
0.388974 -0.486215 2.963888 -0.693874 2.712132 -0.644552 2.892360
0.467136 0.272757 0.122226 -0.560775 -0.644552 1.844061 -1.109456
0.614255 -0.958797 3.868129 -2.329824 2.892360 -1.109456 4.582739
0.501444 0.004041 0.541447 -0.447977 -0.093098 0.612912 0.250257
0.004041 0.400255 -0.018292 0.348333 -0.198668 -0.117569 0.298218
0.541447 -0.018292 0.941357 -0.227089 0.596437 1.234978 0.031083
-0.447977 0.348333 -0.227089 0.974421 0.441563 0.009690 -0.295946
-0.093098 -0.198668 0.596437 0.441563 1.438255 1.034169 -0.618348
0.612912 -0.117569 1.234978 0.009690 1.034169 2.705057 -0.862862
0.250257 0.298218 0.031083 -0.295946 -0.618348 -0.862862 0.998737
