3 3 3
0.184421 0.449002 0.366577
0.470081 -1.146795 0.155066 0.806750 0.216500 -0.097746 -1.224642 0.311761 0.041712
0.000316 -0.002474 0.002179 -0.002474 0.061505 -0.055064 0.002179 -0.055064 0.050284
0.039770 0.081743 0.019963 0.081743 0.191427 0.041397 0.019963 0.041397 0.011186
0.291542 0.340193 0.085451 0.340193 0.420146 0.079377 0.085451 0.079377 0.072207
1.110743 0.484043 -0.753806 1.113404 0.048194 -0.407767 -0.468886 0.484043 0.688856 -0.514771 1.287432 0.002322 -0.247919 -0.235858 -0.753806 -0.514771 1.089565 -1.157033 0.071935 0.167805 0.670810 1.113404 1.287432 -1.157033 2.891921 0.075675 -0.633357 -0.679549 0.048194 0.002322 0.071935 0.075675 0.172118 -0.138489 0.141803 -0.407767 -0.247919 0.167805 -0.633357 -0.138489 0.277407 0.054886 -0.468886 -0.235858 0.670810 -0.679549 0.141803 0.054886 0.545483
0.889797 -0.092380 -0.192308 -0.062351 -0.243597 -0.330013 0.008588 -0.092380 0.535468 -0.371826 0.118731 -0.141396 0.029442 0.103062 -0.192308 -0.371826 0.957640 -0.189694 1.197589 1.023455 -0.247956 -0.062351 0.118731 -0.189694 0.819323 -0.079328 -0.519944 -0.021335 -0.243597 -0.141396 1.197589 -0.079328 1.831451 1.547338 -0.286006 -0.330013 0.029442 1.023455 -0.519944 1.547338 1.788637 -0.290615 0.008588 0.103062 -0.247956 -0.021335 -0.286006 -0.290615 0.150605
0.433707 -0.304261 0.089540 0.073034 -0.066498 0.099651 0.132376 -0.304261 1.025548 -0.100807 -0.448371 0.289180 -0.506175 0.916199 0.089540 -0.100807 0.744062 0.009297 0.017482 -1.249011 0.589422 0.073034 -0.448371 0.009297 0.779069 0.050186 0.659159 -1.198715 -0.066498 0.289180 0.017482 0.050186 0.534439 -0.033372 -0.315487 0.099651 -0.506175 -1.249011 0.659159 -0.033372 2.827457 -2.142874 0.132376 0.916199 0.589422 -1.198715 -0.315487 -2.142874 3.106447
0.327008 0.020212 -0.434222 0.084130 0.780769 0.041912 0.292700 0.774965 -0.282277 0.135102 -0.418938 -0.225886 0.271110 0.038256 0.289980 0.501110 -0.027889 0.563162 -0.373545 0.208638 0.404730
0.3400 0.0000 0.4000 0.0000 0.4000 0.0000 0.2790
0.0000 0.0000 0.0000 0.0000 0.0000 0.0000 0.0500
1.5708 -1.5708 -1.5708 1.5708 1.5708 -1.5708 0.0000
-2.9671 -3.1416 -3.4907 -3.8397 -4.8869 -3.1416 -4.1888
2.9671 3.1416 3.4907 3.8397 4.8869 3.1416 4.1888
