1.394125 0.485836 0.780345 -0.661741 -0.330941 0.467067 -0.263577
0.485836 0.603527 0.293868 -0.472001 -0.188022 0.188202 -0.105732
0.780345 0.293868 0.918148 -0.596628 0.116495 0.897638 -0.369071
-0.661741 -0.472001 -0.596628 1.145724 0.144787 -0.514662 -0.446789
-0.330941 -0.188022 0.116495 0.144787 0.300920 0.253374 -0.129837
0.467067 0.188202 0.897638 -0.514662 0.253374 1.287865 -0.707063
-0.263577 -0.105732 -0.369071 -0.446789 -0.129837 -0.707063 1.270904
6.274148 -1.629031 -3.753867 2.804595 3.575795 -0.523284 -2.555932
-1.629031 1.884567 3.199358 0.207246 -0.762717 0.704665 -2.268348
-3.753867 3.199358 5.708304 -0.048342 -1.707183 0.674533 -2.751709
2.804595 0.207246 -0.048342 3.183401 2.248497 -1.300103 -3.264567
3.575795 -0.762717 -1.707183 2.248497 2.486805 -1.433297 -1.411605
-0.523284 0.704665 0.674533 -1.300103 -1.433297 3.642278 -2.098132
-2.555932 -2.268348 -2.751709 -3.264567 -1.411605 -2.098132 8.086692
1.174650 0.840135 2.357869 0.632678 -1.216495 0.444603 -2.269555
0.840135 1.983751 2.470067 1.441000 -0.912965 -0.852962 -2.767289
2.357869 2.470067 7.799026 5.600394 -3.168450 -2.207805 -6.917403
0.632678 1.441000 5.600394 6.987046 -2.322672 -3.439328 -6.000172
-1.216495 -0.912965 -3.168450 -2.322672 4.240577 2.640061 1.989318
0.444603 -0.852962 -2.207805 -3.439328 2.640061 9.345575 -4.420473
-2.269555 -2.767289 -6.917403 -6.000172 1.989318 -4.420473 14.264647
