0.965048 0.251381 0.412137 -0.864327 -0.838339 -0.869103 0.014405
0.251381 5.908727 1.049450 -6.186775 -0.095078 -0.260583 0.052959
0.412137 1.049450 1.216587 -1.826020 -0.537233 0.138635 -1.335713
-0.864327 -6.186775 -1.826020 8.529983 1.808305 1.139060 -0.124455
-0.838339 -0.095078 -0.537233 1.808305 2.518053 1.423197 3.081692
-0.869103 -0.260583 0.138635 1.139060 1.423197 1.457900 0.011773
0.014405 0.052959 -1.335713 -0.124455 3.081692 0.011773 15.212683
1.908654 1.135179 0.191648 0.143775 -2.343141 -1.193884 1.821151
1.135179 13.209068 -0.666037 -13.245365 -0.776979 -2.340824 2.978492
0.191648 -0.666037 1.824586 2.890200 -2.764848 1.530160 -1.297741
0.143775 -13.245365 2.890200 16.763849 -2.246863 3.874228 -3.133644
-2.343141 -0.776979 -2.764848 -2.246863 18.965988 4.481011 10.209219
-1.193884 -2.340824 1.530160 3.874228 4.481011 7.306468 14.118302
1.821151 2.978492 -1.297741 -3.133644 10.209219 14.118302 66.850835
6.122585 6.955452 12.717596 -15.859292 -8.120559 4.703574 0.437993
6.955452 44.977369 36.913534 -56.557534 -22.328674 5.744252 2.228380
12.717596 36.913534 40.045787 -56.301068 -24.789507 10.043257 1.932800
-15.859292 -56.557534 -56.301068 81.158748 34.632859 -12.606371 -2.916409
-8.120559 -22.328674 -24.789507 34.632859 15.551154 -6.305557 -1.316939
4.703574 5.744252 10.043257 -12.606371 -6.305557 3.694613 0.274071
0.437993 2.228380 1.932800 -2.916409 -1.316939 0.274071 0.224746
