0.038277	0.030459	-0.000000	-0.002606	-0.000973	-0.027078	0.005808
0.030459	0.054361	-0.000000	-0.021271	0.005382	-0.022324	0.010484
-0.000000	-0.000000	0.000001	0.000000	0.000000	0.000000	-0.000000
-0.002606	-0.021271	0.000000	0.021135	-0.003125	-0.005944	0.001528
-0.000973	0.005382	0.000000	-0.003125	0.005747	-0.008712	0.000295
-0.027078	-0.022324	0.000000	-0.005944	-0.008712	0.069061	-0.010127
0.005808	0.010484	-0.000000	0.001528	0.000295	-0.010127	0.007530
0.036822	-0.020194	0.000000	0.044856	0.016608	-0.014594	0.000510
-0.020194	0.021537	0.000000	-0.045613	-0.017527	0.005568	-0.003751
0.000000	0.000000	0.000001	0.000000	-0.000000	-0.000000	0.000000
0.044856	-0.045613	0.000000	0.103378	0.040485	-0.010103	0.009274
0.016608	-0.017527	-0.000000	0.040485	0.036829	-0.009476	0.008994
-0.014594	0.005568	-0.000000	-0.010103	-0.009476	0.025674	-0.007535
0.000510	-0.003751	0.000000	0.009274	0.008994	-0.007535	0.009966
0.001172	-0.001833	-0.000000	0.000116	-0.001520	0.006057	-0.000955
-0.001833	0.005390	-0.000000	0.000517	0.004315	-0.017332	0.002144
-0.000000	-0.000000	0.000001	0.000000	0.000000	0.000000	-0.000000
0.000116	0.000517	0.000000	0.001554	0.001193	-0.004828	0.000082
-0.001520	0.004315	0.000000	0.001193	0.003961	-0.015907	0.001742
0.006057	-0.017332	0.000000	-0.004828	-0.015907	0.063914	-0.006976
-0.000955	0.002144	-0.000000	0.000082	0.001742	-0.006976	0.000950
