0.729936825125138	-2.15677414574344e-12	2.35458530314820e-12	2.77276644690053e-12	1.18525908195259e-12	3.66820428545130e-12	-1.80188984070410	-2.29633452374748	0.102915868693729	-0.605971115266801	-1.27103546215414	1.43868443682912
-2.15677414574344e-12	0.113882135006680	9.67738445410267e-13	1.31934276897218e-12	5.04922269923179e-13	1.57184884770061e-12	-0.345162000089224	-0.889315201280794	0.437783890508618	0.0395317070584654	-0.253242241616705	0.485977311545755
2.35458530314820e-12	9.67738445410267e-13	0.0677107140619095	-8.53588717279011e-13	-3.18199624248901e-13	-1.24018354079358e-12	0.150985432484072	-0.0632934849038170	-0.102847293048434	0.0446755189549490	-0.154695742069205	0.0303163478735882
2.77276644690053e-12	1.31934276897218e-12	-8.53588717279011e-13	0.0300022112033693	-1.82251819862090e-13	-4.14711050608272e-13	0.0672320501017295	0.139119040048069	-0.103810549358714	-0.0621301876353660	0.160359385499965	-0.157667548367058
1.18525908195259e-12	5.04922269923179e-13	-3.18199624248901e-13	-1.82251819862090e-13	0.344981067350938	-2.51319682447300e-12	-1.85696012453102	-3.49281200483367	2.00238905666375	-0.610021917611152	-2.03256257441860	2.63398337219864
3.66820428545130e-12	1.57184884770061e-12	-1.24018354079358e-12	-4.14711050608272e-13	-2.51319682447300e-12	0.0194289806859721	0.0722449311413314	0.0397953094562199	-0.117079819993737	0.0145125049947152	0.00795636357576907	-0.105763594458871
-1.80188984070410	-0.345162000089224	0.150985432484072	0.0672320501017295	-1.85696012453102	0.0722449311413314	0	0	0	0	0	0
-2.29633452374748	-0.889315201280794	-0.0632934849038170	0.139119040048069	-3.49281200483367	0.0397953094562199	0	0	0	0	0	0
0.102915868693729	0.437783890508618	-0.102847293048434	-0.103810549358714	2.00238905666375	-0.117079819993737	0	0	0	0	0	0
-0.605971115266801	0.0395317070584654	0.0446755189549490	-0.0621301876353660	-0.610021917611152	0.0145125049947152	0	0	0	0	0	0
-1.27103546215414	-0.253242241616705	-0.154695742069205	0.160359385499965	-2.03256257441860	0.00795636357576907	0	0	0	0	0	0
1.43868443682912	0.485977311545755	0.0303163478735882	-0.157667548367058	2.63398337219864	-0.105763594458871	0	0	0	0	0	0
