3.390581 -2.926160 1.503555 -2.673274 -1.917248 1.071098 0.208587
-2.926160 24.511056 18.139647 -15.941655 -8.984136 4.657376 1.908505
1.503555 18.139647 18.492746 -17.111333 -8.960938 6.775984 2.040758
-2.673274 -15.941655 -17.111333 17.358853 10.718860 -5.033967 -1.652499
-1.917248 -8.984136 -8.960938 10.718860 9.373652 -0.287205 -0.464641
1.071098 4.657376 6.775984 -5.033967 -0.287205 4.811639 1.232588
0.208587 1.908505 2.040758 -1.652499 -0.464641 1.232588 2.797587
0.639101 0.471139 0.187784 -0.690211 -0.086262 -0.524838 0.217700
0.471139 5.443691 0.912811 -6.194860 -0.664788 -0.864070 0.323615
0.187784 0.912811 1.079057 -1.253904 0.165864 0.617605 -0.935895
-0.690211 -6.194860 -1.253904 8.590796 1.392641 1.682520 -0.932477
-0.086262 -0.664788 0.165864 1.392641 1.163933 1.017951 1.612722
-0.524838 -0.864070 0.617605 1.682520 1.017951 1.764858 -0.584340
0.217700 0.323615 -0.935895 -0.932477 1.612722 -0.584340 9.641743
3.644732 1.742482 0.322222 -1.218311 -5.960292 -5.303782 4.656722
1.742482 15.536992 -0.938570 -15.985686 -0.440776 -1.494946 4.618943
0.322222 -0.938570 1.895122 2.971499 -3.540414 0.845347 -0.880369
-1.218311 -15.985686 2.971499 20.348288 1.176077 4.962384 -7.141202
-5.960292 -0.440776 -3.540414 1.176077 31.598981 19.433713 6.268687
-5.303782 -1.494946 0.845347 4.962384 19.433713 20.458572 13.286120
4.656722 4.618943 -0.880369 -7.141202 6.268687 13.286120 88.986709
