3.73375892106865	6.60113615120483e-14	-2.06631888004440e-13	-1.46990607430637e-12	-4.01025236027571e-13	-4.02819027399958e-12	-8.65526084025883	-1.65863962113716	-0.244804251975386	2.60037114334129	-0.955739197969149	2.12830847850844
6.60113615120483e-14	1.94201654084451	-1.87295256085639e-13	-1.58350329099813e-12	1.41243447677578e-12	-1.28015915222650e-12	-1.86650118090304	-2.49462200801788	-1.13066483462040	0.148575142863679	-0.0116249534405647	-1.00670126529400
-2.06631888004440e-13	-1.87295256085639e-13	0.974477333869939	3.79768922197020e-12	7.62093858202428e-14	3.38781764441826e-12	-3.58817084689502	-1.61945640716396	-2.01739762086343	1.64168278806503	-0.351269954834258	0.949778753003200
-1.46990607430637e-12	-1.58350329099813e-12	3.79768922197020e-12	0.0132143995904610	-1.15888676986033e-13	-6.43896403226789e-13	-0.0681209405324946	0.0603235175886758	-0.0225643511991108	-0.141919664680003	-0.0100740734092021	-0.0396706307534727
-4.01025236027571e-13	1.41243447677578e-12	7.62093858202428e-14	-1.15888676986033e-13	0.291499649060563	3.10578089124515e-12	-0.0730865281456141	-0.0602161330813664	0.286316446536350	-0.149401787024061	-0.313712398171918	0.416054340580827
-4.02819027399958e-12	-1.28015915222650e-12	3.38781764441826e-12	-6.43896403226789e-13	3.10578089124515e-12	0.00913625626349141	-0.0967735225231772	-0.0269883830620588	-0.0705635815127179	-0.0624587038464272	-0.0515946931930228	-0.120494187761989
-8.65526084025883	-1.86650118090304	-3.58817084689502	-0.0681209405324946	-0.0730865281456141	-0.0967735225231772	0	0	0	0	0	0
-1.65863962113716	-2.49462200801788	-1.61945640716396	0.0603235175886758	-0.0602161330813664	-0.0269883830620588	0	0	0	0	0	0
-0.244804251975386	-1.13066483462040	-2.01739762086343	-0.0225643511991108	0.286316446536350	-0.0705635815127179	0	0	0	0	0	0
2.60037114334129	0.148575142863679	1.64168278806503	-0.141919664680003	-0.149401787024061	-0.0624587038464272	0	0	0	0	0	0
-0.955739197969149	-0.0116249534405647	-0.351269954834258	-0.0100740734092021	-0.313712398171918	-0.0515946931930228	0	0	0	0	0	0
2.12830847850844	-1.00670126529400	0.949778753003200	-0.0396706307534727	0.416054340580827	-0.120494187761989	0	0	0	0	0	0
