1.341912 0.339005 -0.661304 -0.008029 -0.227876 -0.591342 0.493654
0.339005 1.106069 -0.569123 -0.744912 0.714711 -0.587903 0.301790
-0.661304 -0.569123 0.767591 0.487795 0.181641 -0.214872 0.331397
-0.008029 -0.744912 0.487795 0.944372 0.073252 0.503693 -0.583464
-0.227876 0.714711 0.181641 0.073252 1.647568 -0.237774 -0.333323
-0.591342 -0.587903 -0.214872 0.503693 -0.237774 3.564630 -3.901981
0.493654 0.301790 0.331397 -0.583464 -0.333323 -3.901981 4.540464
0.802926 0.826578 -0.071001 -1.518627 -0.016423 0.172353 -0.266038
0.826578 0.878697 0.005511 -1.495920 0.098852 0.231418 -0.288962
-0.071001 0.005511 1.329403 -0.359868 0.256021 1.851134 -1.052131
-1.518627 -1.495920 -0.359868 3.872578 0.082101 -1.510812 1.238552
-0.016423 0.098852 0.256021 0.082101 0.672874 0.275315 -0.075600
0.172353 0.231418 1.851134 -1.510812 0.275315 2.961429 -1.773125
-0.266038 -0.288962 -1.052131 1.238552 -0.075600 -1.773125 1.106409
4.000150 3.116029 -4.425768 1.463840 -0.009096 -8.387230 9.237184
3.116029 4.742830 -8.422126 2.058113 -2.416479 -11.739873 7.498835
-4.425768 -8.422126 22.397078 3.274015 8.702327 28.113908 -12.543448
1.463840 2.058113 3.274015 14.889644 3.795001 3.363615 4.462269
-0.009096 -2.416479 8.702327 3.795001 4.533728 10.162342 -1.417214
-8.387230 -11.739873 28.113908 3.363615 10.162342 120.780433 -107.970122
9.237184 7.498835 -12.543448 4.462269 -1.417214 -107.970122 112.785457
