0.287103 0.289226 -0.433168 -0.058868 -0.133993 -0.336752 0.010711
0.289226 0.861197 -0.351779 -0.823424 -0.722775 -0.046750 -0.583581
-0.433168 -0.351779 1.724515 -0.101581 0.600398 0.829438 0.056260
-0.058868 -0.823424 -0.101581 1.080969 0.808188 -0.348856 0.778049
-0.133993 -0.722775 0.600398 0.808188 0.911565 -0.020993 0.678128
-0.336752 -0.046750 0.829438 -0.348856 -0.020993 0.618884 -0.274741
0.010711 -0.583581 0.056260 0.778049 0.678128 -0.274741 0.645426
0.525190 0.005721 -0.078150 0.365648 -0.183482 -0.460929 0.213514
0.005721 1.006587 0.042419 -0.685383 -1.327359 -0.941209 0.972387
-0.078150 0.042419 0.161441 0.090775 0.161932 0.033850 0.008742
0.365648 -0.685383 0.090775 1.128219 1.510598 0.248927 -0.433312
-0.183482 -1.327359 0.161932 1.510598 3.361569 1.199503 -1.136645
-0.460929 -0.941209 0.033850 0.248927 1.199503 1.306607 -1.123193
0.213514 0.972387 0.008742 -0.433312 -1.136645 -1.123193 1.057783
20.101547 -70.456032 -31.198187 96.827876 -16.025505 -90.024911 110.804564
-70.456032 743.477038 441.763333 -1205.231772 247.721150 957.094220 -522.506410
-31.198187 441.763333 291.342775 -755.816100 167.337952 607.864319 -268.887023
96.827876 -1205.231772 -755.816100 2030.189348 -429.463188 -1611.356654 790.971776
-16.025505 247.721150 167.337952 -429.463188 98.110657 343.494652 -144.112367
-90.024911 957.094220 607.864319 -1611.356654 343.494652 1315.385851 -691.793816
110.804564 -522.506410 -268.887023 790.971776 -144.112367 -691.793816 660.011450
