0.525162 0.005727 -0.078118 0.365640 -0.183506 -0.460858 0.213455
0.005727 1.006493 0.042404 -0.685320 -1.327307 -0.941168 0.972331
-0.078118 0.042404 0.161392 0.090768 0.161960 0.033774 0.008812
0.365640 -0.685320 0.090768 1.128148 1.510512 0.248880 -0.433256
-0.183506 -1.327307 0.161960 1.510512 3.361392 1.199476 -1.136614
-0.460858 -0.941168 0.033774 0.248880 1.199476 1.306495 -1.123100
0.213455 0.972331 0.008812 -0.433256 -1.136614 -1.123100 1.057703
20.101548 -70.456055 -31.198195 96.827892 -16.025543 -90.024872 110.804544
-70.456055 743.476790 441.763155 -1205.231372 247.720933 957.094108 -522.506549
-31.198195 441.763155 291.342647 -755.815842 167.337757 607.864304 -268.887127
96.827892 -1205.231372 -755.815842 2030.188782 -429.462791 -1611.356624 790.971970
-16.025543 247.720933 167.337757 -429.462791 98.110459 343.494487 -144.112555
-90.024872 957.094108 607.864304 -1611.356624 343.494487 1315.386055 -691.793758
110.804544 -522.506549 -268.887127 790.971970 -144.112555 -691.793758 660.011278
0.287106 0.289226 -0.433181 -0.058871 -0.133987 -0.336766 0.010721
0.289226 0.861216 -0.351826 -0.823437 -0.722808 -0.046762 -0.583623
-0.433181 -0.351826 1.724573 -0.101519 0.600435 0.829473 0.056286
-0.058871 -0.823437 -0.101519 1.080968 0.808234 -0.348840 0.778096
-0.133987 -0.722808 0.600435 0.808234 0.911624 -0.020995 0.678194
-0.336766 -0.046762 0.829473 -0.348840 -0.020995 0.618918 -0.274763
0.010721 -0.583623 0.056286 0.778096 0.678194 -0.274763 0.645511
