0.148747	-0.133647	0.008001	-0.015140
-0.133647	0.144889	-0.011036	0.011580
0.008001	-0.011036	0.060393	-0.002986
-0.015140	0.011580	-0.002986	0.039246
0.209620	0.067765	-0.115484	0.018557
0.067765	0.089118	-0.028455	-0.012758
-0.115484	-0.028455	0.067947	-0.010880
0.018557	-0.012758	-0.010880	0.009639
0.177872	0.018029	-0.146916	-0.050671
0.018029	0.263232	-0.025698	0.003884
-0.146916	-0.025698	0.128783	0.041770
-0.050671	0.003884	0.041770	0.015050
