1.631881 -0.759593 0.340252 0.611341 0.619155 0.450490 -0.107636
-0.759593 1.405434 -0.289658 -0.300488 -0.607140 -0.006410 -0.895596
0.340252 -0.289658 0.461644 0.471102 0.195481 0.332800 -0.502279
0.611341 -0.300488 0.471102 0.730264 0.450849 0.388185 -0.379680
0.619155 -0.607140 0.195481 0.450849 0.523964 0.109302 0.396122
0.450490 -0.006410 0.332800 0.388185 0.109302 0.352028 -0.653492
-0.107636 -0.895596 -0.502279 -0.379680 0.396122 -0.653492 2.007173
1.185225 0.114648 0.113776 0.240044 -0.314841 0.069493 -0.250147
0.114648 0.962123 -0.033790 0.426211 -1.422169 -0.473325 -0.331542
0.113776 -0.033790 0.332589 0.143215 -0.105689 -0.002132 -0.097415
0.240044 0.426211 0.143215 0.288511 -0.717073 -0.155912 -0.276608
-0.314841 -1.422169 -0.105689 -0.717073 2.183012 0.685888 0.569624
0.069493 -0.473325 -0.002132 -0.155912 0.685888 0.509470 -0.167929
-0.250147 -0.331542 -0.097415 -0.276608 0.569624 -0.167929 0.562879
5.031108 3.080365 1.545717 5.037937 -2.673054 4.573049 -9.815927
3.080365 20.489190 -3.005420 26.637391 -12.838435 0.301260 -37.799486
1.545717 -3.005420 2.168792 -2.740574 2.888475 -0.723738 5.139306
5.037937 26.637391 -2.740574 39.432598 -15.605203 8.028853 -61.105309
-2.673054 -12.838435 2.888475 -15.605203 10.243277 -4.764835 26.119064
4.573049 0.301260 -0.723738 8.028853 -4.764835 32.521147 -36.248491
-9.815927 -37.799486 5.139306 -61.105309 26.119064 -36.248491 113.337303
