3.405390 1.402252 -5.707976 -0.865446 -2.789285 0.083629 -2.314904
1.402252 2.105472 -3.508793 -2.253914 -3.528961 -0.141148 -1.011796
-5.707976 -3.508793 11.799643 3.252498 5.096643 -0.652063 4.807656
-0.865446 -2.253914 3.252498 4.994582 4.726128 -0.052934 0.757814
-2.789285 -3.528961 5.096643 4.726128 8.290020 0.816626 0.998648
0.083629 -0.141148 -0.652063 -0.052934 0.816626 0.332010 -0.466163
-2.314904 -1.011796 4.807656 0.757814 0.998648 -0.466163 2.160308
0.462492 0.889558 -1.654746 -1.623922 -1.030525 -2.235344 0.684689
0.889558 5.846394 -5.532996 -9.652559 -3.613625 -6.894282 -1.482206
-1.654746 -5.532996 7.781507 10.438120 4.773759 9.686927 -0.103446
-1.623922 -9.652559 10.438120 18.416129 6.574520 12.270542 3.939839
-1.030525 -3.613625 4.773759 6.574520 3.088943 6.144188 -0.257115
-2.235344 -6.894282 9.686927 12.270542 6.144188 12.685074 -1.527130
0.684689 -1.482206 -0.103446 3.939839 -0.257115 -1.527130 4.829355
0.426533 0.552820 0.011112 -0.422618 -0.035720 -0.300741 0.039223
0.552820 1.168048 0.033848 -1.382547 -0.156454 -0.351220 0.013778
0.011112 0.033848 0.013686 -0.056739 0.068504 0.054857 -0.065030
-0.422618 -1.382547 -0.056739 2.269906 0.490336 -0.115731 0.428422
-0.035720 -0.156454 0.068504 0.490336 0.786094 0.072672 -0.016099
-0.300741 -0.351220 0.054857 -0.115731 0.072672 0.801588 -0.686449
0.039223 0.013778 -0.065030 0.428422 -0.016099 -0.686449 0.742193
